,feature_1,feature_2,feature_3,feature_4,feature_5,feature_6,feature_7,feature_8,feature_9,feature_10,feature_11,feature_12,feature_13,feature_14,feature_15,feature_16,feature_17,feature_18,feature_19,feature_20,feature_21,feature_22,feature_23,feature_24,feature_25,feature_26,feature_27,feature_28,feature_29,feature_30,feature_31,feature_32,feature_33,feature_34,feature_35,feature_36,feature_37,feature_38,feature_39,feature_40,feature_41,feature_42,feature_43,feature_44,feature_45,feature_46,feature_47,feature_48,feature_49,feature_50,feature_51,feature_52,feature_53,feature_54,feature_55,feature_56,feature_57,feature_58,feature_59,feature_60,feature_61,feature_62,feature_63,feature_64,feature_65,feature_66,feature_67,feature_68,feature_69,feature_70,feature_71,feature_72,feature_73,feature_74,feature_75,feature_76,feature_77,feature_78,feature_79,feature_80,feature_81,feature_82,feature_83,feature_84,feature_85,feature_86,feature_87,feature_88,feature_89,feature_90,feature_91,feature_92,feature_93,feature_94,feature_95,feature_96,feature_97,feature_98,feature_99,feature_100
feature_1,1.0,-0.21925668787969987,0.05606887218817795,-0.15120351619135666,-0.32786060240966536,1.0,0.047965627927023316,-0.2540256033343107,-0.0055173265190258825,-0.4167726433106253,-0.18143620916296369,-0.34294256753132146,0.0033991959459301678,-0.06879740370569985,-0.30022410288404716,-0.25013547389054236,0.1641862623059545,0.04474953457079824,-0.1433377908794857,0.16063595995723315,0.26195931244318343,0.0006151708555717087,-0.3408931431902693,0.011418506376963665,0.1458712779382916,-0.2014813432000674,-0.2990229122091523,0.1476921018752226,-0.15090854662256464,0.06179093095640987,-0.04053682910467052,-0.04306727898780547,-0.22024042011307915,0.008767653407536597,0.019499900894714102,-0.032479605743670925,-0.3422446859338733,0.06020609828984583,-0.29592483138030684,0.0021747759229138928,-0.18448857859968731,-0.018212159263775538,0.05798079881635117,-0.015677944208489884,0.06289553982408207,-0.20306479380277342,-0.18290213490131826,-0.1828712199752427,-0.05727215658542952,-0.01793456807742075,-0.17828701951920664,-0.20049386076854395,0.04470232045431948,-0.35262591280374334,-0.0009705806521653167,-0.3407782045352869,0.00198241666129862,-0.1789776229038064,-0.06905784539139888,0.010802370380846096,0.06277107401385623,-0.000826869864038107,-0.25113621772118716,-0.3640774922346196,-0.16888541452449196,-0.06462189359592524,-0.4157279989345489,0.06650025718100937,0.060066993982145316,-0.16887595836529568,-0.20355522233613588,-0.06909164551347106,-0.14579224037588265,-0.16959787029474696,-0.2220194049127503,-0.2690573194443276,-0.3635564165752462,0.004881091836534112,0.056772287085928415,-0.0020321896063195295,-0.32681021811342625,1.0,-0.030492304199665886,0.05459889855798091,-0.06477491323438601,0.057942060944100364,-0.17131108356299057,0.0011772286325062989,0.004689519616744482,0.06438470262519567,0.01029575291787299,-0.24845096994609947,-0.2690304193705838,0.05931754622392994,-0.004745638878109016,-0.35317924482679514,-0.4180900625153889,-0.4182042771758863,-0.22027242445133366,-0.15190558354216738
feature_2,-0.21925668787969987,1.0,-0.018081617758953082,-0.1355246595177342,0.021175310128626217,-0.21937200724583852,0.3061428051045482,0.024991639983812847,0.011907564981716492,0.0289861983603778,-0.021869050176984473,-0.016100805931528506,-0.010932198080839856,-0.2509517801356704,-0.0005681150383650709,0.00836020906500526,0.11356415882997468,0.3077157769471201,-0.02367586832259178,0.11341695440068718,0.16829925954079344,-0.013805720588157828,-0.018646665780171007,-0.010302482884000038,0.015923399039382797,-0.01994328998971247,-0.0003389119649771912,0.015199048432261901,-0.1342399104838479,0.005405944740756027,0.09648066905576666,0.09884111477773538,1.0,0.008437576885098906,0.007706332178263538,-0.3528218041914649,-0.016250029468230936,-0.004509306450444561,-0.006128520123442195,-0.021227414447579133,0.007517764755109449,0.009383728940682444,0.005915771102631479,-0.011856437887748887,-0.0157620295649494,-0.01624682415526948,0.007569680724861689,0.0064058066183239415,-0.003231614599255663,0.0020883947413166373,-0.023766370225979532,-0.02108871240016573,0.30691597711259183,0.13342812713806654,0.011674615509210942,-0.01874914244965208,-0.014641580574494351,-0.02318091995077809,-0.24782507024429723,-0.01401524508759061,-0.010867105137830582,0.000584921665237893,0.006536210158586476,0.03422771135718404,-0.24281873363511364,0.05098779702445651,0.03087316026117551,-0.01370456116343626,-0.003942286195657538,-0.2449627371696579,-0.016952759830346935,-0.25328785197569087,-0.021845654552801397,-0.24153963767911327,1.0,-0.02087628484552939,0.03290367119942648,-0.0008481865408445071,0.005122126379795333,0.000391852897099921,0.022633001907786086,-0.22119687539396574,-0.35236914185758844,-0.005161269315977984,-0.2495386221527306,-0.007977515894680513,-0.24643537989943054,0.0030687827418951594,0.008878660151293705,-0.014203279883030297,0.0069704277611168375,0.009732212997373133,-0.02323761952168054,0.0072838202821631035,0.0008695267754592273,0.13290799417461435,0.032336901593045544,0.031157132192396908,1.0,-0.135840160324891
feature_3,0.05606887218817795,-0.018081617758953082,1.0,-0.023846584161745454,0.02035942396073337,0.057265012022230326,-0.36095689368647826,-0.0029855260647835484,-0.015392669108145789,-0.006145714525220323,-0.006190718047912315,0.008555357123723349,0.008402268872349967,0.0681977959866414,-0.0059154557049934135,0.018721513146004346,0.045279579978793456,-0.3587113748840511,0.006494026235122025,0.04847835231305917,0.13090334929293548,-0.006671347989144917,0.010743666229780784,0.014090331841732874,-0.025396250893015504,0.041549777117063966,-0.008933389478297249,-0.023290517505950917,-0.025786413938024867,-0.03416146010943975,-0.29822404684861553,-0.298641944850865,-0.018854575877718292,0.00800954162223926,0.0009572949463007996,0.23016947975958316,0.0108935566632101,0.028425868842501475,-0.011952165804567752,-0.01973635328668828,0.015311056349368862,0.0035701095319848743,-0.034794527739943244,-0.023560681259079595,-0.017778656617798975,0.04049889143803547,0.017187729047711965,0.014539946995661924,-0.0014516259643082025,0.011096749975057598,-0.006027270002546801,0.0382569617857813,-0.3593235267019514,0.36609746526465414,0.002084391286224638,0.012758105772086985,0.015759119161020976,-0.006516639868136554,0.0663935838005474,-0.01699090134050049,-0.018845377984593997,0.019342026826429957,0.01727299825374467,0.00340468372561005,-0.29155035836744225,-0.0177520911665022,-0.006942625014822104,-0.01874925169529552,0.02705226568117478,-0.2905904617194648,0.04248198841374668,0.065999985835331,0.009085651759088514,-0.2902467359515233,-0.019355792066282726,0.020716439492450146,0.002196061196264233,-0.00432891481642728,-0.03458646261167084,0.005221923194141142,0.019777353184406838,0.05528743274758853,0.23122700659235373,0.027184258806003028,0.06850372843351184,0.02781215067187499,-0.2923036885768242,-0.014711002162962072,-0.002845041837255943,-0.018272647893215484,0.006448032239255809,0.015101301752194875,0.021938897466684246,-0.03515938980815809,0.004469969730030871,0.36410623521720015,-0.006720419362534587,-0.005341507629613306,-0.019835241778371534,-0.02463360884728441
feature_4,-0.15120351619135666,-0.1355246595177342,-0.023846584161745454,1.0,-0.08603796955362504,-0.15351275978013393,0.007574057698476446,0.2099613717812695,0.014314479582738675,0.17856876388081655,-0.19315903294358358,0.2007519599573847,-0.001023007097504815,-0.08426777145534727,-0.3482754291580235,0.0011848728490064262,0.2238826294791572,0.007417004339684139,-0.03997017381612608,0.22580304416791172,-0.14087660632687454,0.007615850844160935,0.20086347322518028,0.013386408374371819,0.02025672486684563,-0.2040827347115307,-0.3470599215771822,0.021987854028049692,1.0,-0.39756720228738535,0.08773801630839591,0.08862540791516084,-0.13184616614722436,-0.010134379320346571,0.005502174937533128,-0.1496200197308572,0.2004582796820618,0.261852125726439,-0.3502811927901736,0.009409379092083125,0.301772425740883,0.0003364896319462359,-0.3960922898473291,-0.005236032564474061,-0.35933613478792337,-0.20365112456102832,0.2975611333382238,0.29868587604508523,0.3727568980263772,-0.003260105889200662,-0.1933602824806075,-0.20640078592081978,0.00597887756092201,0.32429177028912837,-0.021795338090237308,0.1987180958774784,-0.004858904479920932,-0.19025618486720283,-0.08570146703457471,0.013063770153269538,-0.3606849574339146,0.016062666103357232,-0.0013606316422971132,0.2289577155661217,0.07953635254887538,0.08628358335168575,0.1772195018849625,-0.36002933351343286,0.2614548892304456,0.08322131629447103,-0.20474042506370474,-0.08170370846199258,-0.04276018658929636,0.08292244983298268,-0.13359872729025973,-0.050445988459315465,0.22656701298397838,-0.003089213681334166,-0.40028455389092993,0.012272676611385055,-0.0853356526343754,-0.15187909322852944,-0.1479913710178752,0.2606276035492135,-0.0841195034572511,0.26454888167260265,0.08418471732981504,-0.02389175451026318,0.009506439170493777,-0.3567396711493501,-0.011799115888888509,0.0011386646240786908,-0.05020958842349869,-0.39878792972696264,-0.007321808540437809,0.322388088855423,0.17723043212726608,0.17737687416656586,-0.1348406345988124,1.0
feature_5,-0.32786060240966536,0.021175310128626217,0.02035942396073337,-0.08603796955362504,1.0,-0.3256956285756304,0.14257443047025076,0.02337889485978371,0.006911628548887122,-0.00628817803621803,0.009987983014987763,-0.0331802910148302,0.018801292844404065,0.28346660987334943,0.027063604117580853,0.05842834538626026,0.02998949262538299,0.14540127372205275,-0.014567700344169853,0.0318996078088316,-0.33375848824524496,0.010352442223201636,-0.03403875613447093,0.01096881417922574,-0.04581568024805491,0.03682441001776794,0.021931892994123,-0.04387161154545278,-0.08420872903208966,-0.004362526635876907,0.19389577634169491,0.19494538267387707,0.01933375404013598,0.02055963455894215,0.006926453210801177,0.3032516397510872,-0.033286273909795466,-0.004421696990793469,0.02329085843765436,0.006508882390158619,-0.006784082874095871,0.001533078241931319,-0.0010911866856571609,-0.0011315194668242432,0.019093917510049484,0.037969483766264515,-0.005471486671576389,-0.005720437275092904,0.00933067678615572,-0.014697458619499261,0.011973182040123464,0.035388839858793215,0.14199856083457355,-0.3077353378957841,-0.0037208216331106867,-0.031996914621021416,0.0004516204568021946,0.00917635715922667,0.2837242471998566,-0.005815872681810479,0.017409286308267626,0.003475680377970792,0.06114167270255608,-0.019851105496244758,-0.02096440608402214,0.007955612078261655,-0.009163598826998489,0.01353079686769481,-0.0026836266098234232,-0.01724722139323925,0.036001637449272234,0.2863717452936072,-0.013003959330546154,-0.020439299104415762,0.018337729117963494,0.014406356747315155,-0.01645013073668303,-0.0040887058981665956,-0.0012762479496673863,0.011455746329184911,1.0,-0.32726803944274124,0.3001066830304243,0.0005611224740517991,0.28740016376032934,-0.0012379746359612767,-0.0162170065225428,0.0006585844664063961,-0.01621030149748522,0.016620520274005474,-0.004173638732673494,0.059170839695468366,0.01611971372524878,-0.00418341852400191,-0.010058685081625484,-0.3084797232862654,-0.008055594196792002,-0.0057772156500352405,0.01664719862196391,-0.08403772193143204
feature_6,1.0,-0.21937200724583852,0.057265012022230326,-0.15351275978013393,-0.3256956285756304,1.0,0.04693068830055266,-0.254467490962236,-0.005840366518891413,-0.4189956067687005,-0.18016377301182765,-0.342750051097034,0.0010321800786482226,-0.0665137583370747,-0.29923246678329357,-0.24937951746961512,0.16442219984296202,0.0437552712089859,-0.1431879396243037,0.16066383776105228,0.26238305759155756,-0.003473636779535948,-0.3404511569993009,0.01270549729036072,0.14523138418600334,-0.20197064193843323,-0.2971188175483995,0.14631829652715422,-0.15278099585250599,0.058836522187211915,-0.0424076596612064,-0.044497295185975484,-0.22011236690776925,0.010591384869022981,0.018573979751888,-0.029152478526238545,-0.34157580144172495,0.06064548103773763,-0.29381431097311866,0.007381455633049929,-0.185743220696585,-0.018109078493851374,0.05486363941119656,-0.013787168390127249,0.0644226618751367,-0.20216764076327257,-0.184589759428814,-0.18423613823841925,-0.0583123616457159,-0.017666331881146562,-0.17750290629029225,-0.1999229406593445,0.043660660414166386,-0.3516652814424715,-0.002955197265668468,-0.34080459537478286,-0.0005726365649136416,-0.17874874295733026,-0.06662417081907697,0.010489895842301625,0.06397680725713586,0.004234510396985684,-0.24974539790401867,-0.36491269797437026,-0.16919645150255924,-0.06470394761384639,-0.4180198175353557,0.06798859255447513,0.060186809455849664,-0.16946223826267687,-0.20287740815158226,-0.06685262093956992,-0.14573555435606525,-0.17017800828349042,-0.22213565437074093,-0.266907342890267,-0.3645131637594161,0.005778922244757376,0.054074368524676515,0.0006076572867607874,-0.3246380526748398,1.0,-0.027195187586315922,0.055175467008030575,-0.06250709382113943,0.05834331567644554,-0.17152840195863728,0.0010061658614148078,0.00633311578054391,0.06556655650940924,0.013910256012787609,-0.2475804508122873,-0.26739637636239694,0.05644054276721671,-0.0071336729686584015,-0.35234905837766434,-0.4206721083858878,-0.4209221595282372,-0.2203614728633011,-0.15362284394923398
feature_7,0.047965627927023316,0.3061428051045482,-0.36095689368647826,0.007574057698476446,0.14257443047025076,0.04693068830055266,1.0,-0.17448397682415906,0.012231378317445836,0.3187887437376095,0.07413220249636256,-0.0017074381433934713,-0.0002750696359440649,-0.22344080772772723,-0.22639211818117094,-0.2806110796028273,-0.021833326411864713,1.0,-0.2629210026435834,-0.024449680640202694,0.011423532144295891,0.01703281472541909,-0.005178149689175254,-0.0028797681278255735,0.11872888306292094,-0.2254909375251662,-0.2235017108665191,0.11796015232861017,0.005239359919313414,-0.1835231186831988,0.18437861737399985,0.18696432543734728,0.30410389341383626,-0.015034658036622343,0.009253886460328075,-0.29114172405393757,-0.0076136650979538685,-0.23606895381583645,-0.22703862786791296,0.004138031799247872,-0.3572817668948103,0.0042474152038204805,-0.17982300293028158,-0.006390633154134542,-0.1253949063931512,-0.2229728709312964,-0.35450400115055075,-0.3561503415094619,-0.18510318245443558,-0.004552638133629321,0.07591705575351133,-0.22281777452272025,1.0,-0.23028613856182406,0.0035191052027053154,-0.0039036433309575388,-0.017271878560178908,0.071138092225275,-0.224982845935989,0.03221681449550048,-0.12570594310597943,-0.01193436935798238,-0.2778485261104353,0.14849392250695437,0.10563040499283242,-0.1724192341543966,0.32121537962588376,-0.12619279965715316,-0.2338010754977407,0.10560671310355442,-0.22470455961574687,-0.22201485357805623,-0.2624271163281702,0.10705577278171553,0.3045310404772199,-0.21989586917158496,0.14621600979297072,0.010066539629157961,-0.18306851507362093,0.018238342026292056,0.14478569975007136,0.04725763570451127,-0.28832860095521373,-0.23907838032725462,-0.22330566288071885,-0.2399582869769475,0.10657247488105573,0.004138931837014736,0.008294961582369009,-0.12479374150666855,-9.943436016999438e-05,-0.2758911583674905,-0.2199514953277299,-0.17898193533119167,-0.010174332207116362,-0.22973247567770155,0.31861707322771954,0.3180865476297401,0.30583222735213733,0.0066513476040448
feature_8,-0.2540256033343107,0.024991639983812847,-0.0029855260647835484,0.2099613717812695,0.02337889485978371,-0.254467490962236,-0.17448397682415906,1.0,-0.0008712683043323622,0.001434576333487879,0.0025645663124664836,0.0068151733671954606,-0.00693549273661537,-0.3093511445621447,0.001619370024132728,0.01410806320742,-0.24424550428244773,-0.17333126124441,0.0018362482230009096,-0.2467147212817041,-0.16475332587230382,0.0009199353860246219,0.006053417176479845,0.011102606524674848,0.02775992000769434,0.008523875150804012,-0.0008266752000337781,0.029028130625758607,0.21427201035573354,-0.0074780089349459344,-0.11886611577995913,-0.1173147636942245,0.023609241347290484,0.00011735042274181614,-0.017687304736398596,-0.17577813801203487,0.006639604269918402,0.005543616623631246,-0.00046075791780385907,-0.006257259711450416,-0.01664379143771577,-0.002974683074064402,-0.006593542000695153,0.0018008798534917274,0.015913270082980397,0.0067052614226714375,-0.016085215515573237,-0.015468356635268795,0.00922292324091593,-0.010109074461452186,0.0016078887617863888,0.009066572025716365,-0.17419790594607237,0.27786471565158,0.0026613810033163563,0.004883666593772351,-0.0038965962070297484,0.005005428215897254,-0.30784729971628155,0.0017697111303657557,0.017921939669454354,-0.0066150848075760575,0.01496464863275444,-0.017551960304510145,0.22512520912137793,0.013215575164335873,0.005511445684402865,0.015171156516820217,0.0028345868895563327,0.23116049978202854,0.007859572743300184,-0.3080256270866977,-0.001096656783254817,0.2248629679363304,0.023865093575840535,-0.015332706972554622,-0.017712043307854888,-0.005893093039661553,-0.004541363685301175,-0.011439597022311081,0.021903105329785743,-0.25549382346452687,-0.17691560016065846,0.005828724533430203,-0.3109702671759759,0.011852642161214101,0.22571386547377403,0.004543887274027183,0.0025054723109566358,0.017299362039653585,-0.023566586131177004,0.014497779987819764,-0.01778416351507061,-0.006590186481551988,0.01568085809033826,0.2748812549698222,0.0068076750683080224,0.0056526890662835574,0.02244797493032504,0.21371979846913408
feature_9,-0.0055173265190258825,0.011907564981716492,-0.015392669108145789,0.014314479582738675,0.006911628548887122,-0.005840366518891413,0.012231378317445836,-0.0008712683043323622,1.0,0.003817671150600205,-0.004683676842389949,-0.01747450316163041,0.029350501426577486,-0.010889158978761094,-0.012096378925329011,-0.011611912520889929,0.024326086350318587,0.011771312007592889,0.00767691288090446,0.024780754297208597,-0.01599266093361006,0.0013703165653658736,-0.016295071507057526,-0.0009410890318285383,-0.00912364089253028,0.008476078150211879,-0.009326757550902285,-0.01165301370031477,0.01424077857097448,-0.0014368912860988502,0.012185199944567186,0.012081247133202702,0.013205408506819904,-0.011887377791088092,0.012481754115039071,0.005073505386241983,-0.016537611431026007,0.011041822935268305,-0.008472509713629459,0.00445235388328534,0.008235908878434492,0.0074969653998748645,-0.0021626322122362215,0.001237139218436225,-0.022124964263950966,0.006420591899318635,0.012210033115398335,0.008758394259680643,-0.0039052086092520102,-0.007808144130398314,-0.003603223382005996,0.005453716674561807,0.013679824658183742,-0.0063935656671800555,0.023303728491212476,-0.015772441189319367,0.008910414437080462,-0.0047314861892668245,-0.012786316481321289,-0.0009320823408292714,-0.02554348671911872,0.005215251967839602,-0.010112508316716964,0.011373264536221095,0.014647194295226313,-0.010520442853812016,0.00591326140587035,-0.022979090428324123,0.013230068132882638,0.017759936037558634,0.008691191086052383,-0.010940310357165752,0.011384746255712232,0.015058002937813932,0.011592034096899352,-0.007870301021329074,0.010069585260371496,0.006655574582798659,-0.002719988304049224,-0.0042684560830459975,0.004317312622485256,-0.005009637378385407,0.0046027018690929095,0.01318376857341361,-0.009096894800844347,0.011258252302633753,0.01422018494904173,-0.010340255395639897,0.0006105902595627036,-0.02482632968340699,-0.0006763686388464383,-0.009946722353789872,-0.0069163574269827804,0.001259228596390232,-0.002902754585897705,-0.0065859222821557555,0.003873514584149287,0.005160646962148631,0.013562846815407087,0.014453375912414003
feature_10,-0.4167726433106253,0.0289861983603778,-0.006145714525220323,0.17856876388081655,-0.00628817803621803,-0.4189956067687005,0.3187887437376095,0.001434576333487879,0.003817671150600205,1.0,0.020847283433660276,-0.004763580093676073,0.01202532438546473,0.09987162644955347,-0.008811978111547688,0.037434384467986886,-0.24929032099097248,0.31862216425638745,-0.01627752152035251,-0.24815045089127752,-0.3203384217648416,0.006967001625261847,-0.005069520285474211,-0.03039343062577219,-0.03685594967897386,0.011442159968141808,-0.006363958051909108,-0.03910020702190976,0.17519749637951434,-0.02308798488148437,0.006927851864826677,0.010457733136479694,0.030232244423116648,-0.019038813301020446,-0.017966847582120016,-0.21026144980085001,-0.006155946084123939,-0.041784667349654005,-0.011367514231851285,-0.0018670581103915219,-0.00731656472799247,0.0006107417927498469,-0.0174190749592012,0.006514877469450599,0.018953580060803187,0.012262747199062462,-0.005905759366035368,-0.008119532805604943,0.012767738648306267,0.00762034384481405,0.02004445633979937,0.012897952179580445,0.3197262341424135,0.22105677557859232,0.011995965579109806,-0.006149307684219938,-0.007748677596788704,0.017621073224447364,0.09606732612470223,0.006042403243173122,0.017611074721102772,0.008330542716080292,0.04110949726239832,-0.012547385102708206,0.0760774364967885,-0.0075053522871478175,1.0,0.018426642586431962,-0.03995367919988823,0.07622998282240998,0.012689022385401061,0.09630712310263721,-0.015007520831338233,0.0768933571061542,0.030967810031372632,0.007007034253035998,-0.01517093971377021,0.010317848214552986,-0.019167226883999276,0.013680887255974269,-0.0014603911441977164,-0.41734819371158427,-0.20863049525040409,-0.0408466380855168,0.0926043267789115,-0.041609505304569375,0.07802537414748864,0.018603278488725568,-0.002925544271863335,0.020072458920096042,0.00683092144895551,0.039183864905773656,0.008908517815363755,-0.01883264205043649,0.014186505366826665,0.2232175136642748,1.0,1.0,0.03287865606977145,0.17775197836867454
feature_11,-0.18143620916296369,-0.021869050176984473,-0.006190718047912315,-0.19315903294358358,0.009987983014987763,-0.18016377301182765,0.07413220249636256,0.0025645663124664836,-0.004683676842389949,0.020847283433660276,1.0,0.023450288162309357,0.0003622042672976308,-0.08156435656950453,0.0012108031486617377,-0.011002330269335295,-0.2983353821858059,0.07471252412021084,0.026370519899187757,-0.2990533225714062,-0.01681448894580539,0.004267487605076632,0.02075347933085392,-0.003696176284791061,0.019196491689138222,0.026115397030758835,-1.0615005871065079e-05,0.014805645430729252,-0.19308452552159647,-0.022355035700694276,-0.25048520207317065,-0.2500872811875484,-0.022631618443669208,-0.005689512344200303,-0.00470638954732748,0.15114717454924384,0.023239624043104052,0.015338170398464647,0.0011595610667136209,-0.006585231438653051,-0.016158725382216986,0.0023757890866329895,-0.02129790568995355,0.013994713343041002,0.054822740581865384,0.027204509842661307,-0.01408024929084725,-0.015040565929409824,-0.00434127721885908,0.024435424644663483,1.0,0.03051493674008905,0.07647121209838173,0.29663395518721425,0.007466860305002043,0.02345554942821529,0.003547940853119787,1.0,-0.07883727999605833,-0.01948008658482372,0.051833859423812884,-0.019315798564306368,-0.010986312459872085,0.0019068683672237448,-0.21507483129588092,-0.011124034634055643,0.020919211702555292,0.0499349609623798,0.017195875030848153,-0.2165864425257434,0.026573395229604,-0.0807769172833472,0.027961495915467042,-0.21782805113527093,-0.022077824166366215,0.03369399630991094,0.0011484083416594259,0.010331896752740764,-0.022002632906464155,0.010815057289682477,0.009631439778678065,-0.17908391171068777,0.1516910338066266,0.013510101738275663,-0.08178817894597053,0.010167996590994443,-0.21484366993431803,0.001720878153278344,0.001646656995631175,0.05125602496888186,0.002897489066106601,-0.011866822800333758,0.02935931595205326,-0.020333183120461968,0.0010888639936743087,0.2992327666140049,0.01875619090222882,0.01758265735242989,-0.0211914401719594,-0.19485810659156969
feature_12,-0.34294256753132146,-0.016100805931528506,0.008555357123723349,0.2007519599573847,-0.0331802910148302,-0.342750051097034,-0.0017074381433934713,0.0068151733671954606,-0.01747450316163041,-0.004763580093676073,0.023450288162309357,1.0,-0.008459977570100693,-0.24944651712968705,-0.004543727413721384,-0.026300116339238466,0.05408284167769457,-0.0026842872564680873,-0.0017181955889210203,0.05367764377126275,0.1558193982691861,0.006423663684741739,1.0,-0.0003643397461456643,-0.0061207772219914885,-0.0045967022463709525,-0.005788479386632828,-0.004036865140526559,0.2011430908687208,-0.03479585263212531,0.24887806533079232,0.24668321566225118,-0.013349553161519579,-0.010662101258096763,-0.0018770190938801278,-0.23104543268396663,1.0,-0.020579924437202867,-0.007589353681354148,-0.0029436181521665028,0.007248282160688408,0.016621375323987074,-0.03755585410594542,0.00727596519134473,0.018189761849890886,-0.009818200627274487,0.005861015805200787,0.007465513910785439,-0.01946535347154634,0.013111538896032747,0.02040851757213137,-0.0038168288799979152,-0.0005070153907591826,0.07323419873373131,-0.02134797095055408,1.0,0.005033982922669692,0.018015376923552075,-0.24967228353799215,-0.005981811647227143,0.013921299982280927,-0.002033923756342355,-0.025989278275597924,0.017310318096956726,-0.273525954684525,-0.003886084602250071,-0.008443961488236576,0.016959712170587966,-0.019607985088699403,-0.27218879800432955,-0.005320251170179468,-0.24893607393106248,-0.003213242514256074,-0.2701576669866725,-0.015208118822662578,0.015789709326202637,0.015417667392166377,-0.008334484541561863,-0.03885847147304195,-0.006499931336260071,-0.0315346919958391,-0.33770222712305076,-0.23060149900685262,-0.022400133523516937,-0.25088820421480984,-0.01925547725887463,-0.2711308296438385,-0.014470338715642843,-0.0005982287632242996,0.017009723307563764,-0.00296380509032685,-0.028823809308575563,0.01735841870523492,-0.032583189427301366,0.0059511787520537636,0.0748466202614705,-0.010355859247247566,-0.0064131668255056,-0.015236675624343363,0.2037448234350711
feature_13,0.0033991959459301678,-0.010932198080839856,0.008402268872349967,-0.001023007097504815,0.018801292844404065,0.0010321800786482226,-0.0002750696359440649,-0.00693549273661537,0.029350501426577486,0.01202532438546473,0.0003622042672976308,-0.008459977570100693,1.0,0.02512797596825201,0.003488938403150254,0.000304029526425952,-0.018748065552440928,-0.0006364696603890149,-0.010904927634155369,-0.019151441194375302,-0.00893307395601342,0.0035228639753276374,-0.00691369636816703,-0.006025349143485543,-0.015885022750118872,-0.012866837141867331,0.003192260595404826,-0.017426311901848138,-0.0018434751504855433,-0.007029363493421817,-0.010314633745736667,-0.010466743995632369,-0.007716210947399665,-0.008964735333069162,-0.011608022494175398,0.009846124411534514,-0.007910484037462893,-0.0015928466036070927,-0.00025423090657710113,0.011250764307666685,0.0008819372354442163,-0.0012563793855396566,-0.006467906940052706,-0.0016148486536739066,0.019417365378377235,-0.013425986918080064,-0.000614913997565861,-0.00031711557981022775,0.0024186652299407743,0.026302980050978843,0.0038540786284027976,-0.01260965592649656,-0.0007956859838480157,0.00297481316542439,-0.004461698707958098,-0.00783081237239457,0.015190176604238185,0.0006346770820518737,0.025535723106172917,-0.013497282100403034,0.01879533121962983,-0.00577410663061513,0.0015416149596506246,-0.002811235659218277,-0.005163528737836843,0.009461982814638208,0.009974042219166685,0.01890512560151755,-0.003247052578057471,-0.006281906873426795,-0.012921259480544125,0.025094389409746173,-0.010609543559251113,-0.007934830047877078,-0.008312026756151345,0.0013920087770788294,-0.0036006298038788035,0.010117431791568189,-0.0073778180953613425,-0.019048113396321648,0.01720715000001047,0.0047618434659499565,0.010508188489356666,-0.0015203540946527355,0.026860633357323218,0.000645761480422522,-0.005782328628383628,0.023225611763135943,0.006771829378599908,0.018723959105995048,-0.01059992792039055,0.0030651903229812656,0.002982680667947101,-0.005740133031651915,0.006360780348086663,-0.0018117280856522402,0.010038010122215805,0.013149753118784621,-0.010056475696926925,-0.0019466675885059905
feature_14,-0.06879740370569985,-0.2509517801356704,0.0681977959866414,-0.08426777145534727,0.28346660987334943,-0.0665137583370747,-0.22344080772772723,-0.3093511445621447,-0.010889158978761094,0.09987162644955347,-0.08156435656950453,-0.24944651712968705,0.02512797596825201,1.0,0.3307207717702219,-0.030698694375998207,-0.1642182253348818,-0.22244798499796162,0.09859243916451751,-0.15940947431988237,-0.07710568248306077,0.0035770843185659942,-0.24780412607761618,-0.02116090568919201,-0.21674350350861735,-0.08491807009487456,0.33190573080235547,-0.21801935901022734,-0.08578101020641866,-0.3250044878612761,-0.38353200246645774,-0.3840042437607772,-0.24797007634163765,0.00828583307439539,0.008836283423774757,0.239253175710797,-0.24862138116765503,-0.26128366961727634,0.334533030322938,0.0013180162366981175,0.19852053675327194,0.005343629525187644,-0.32520046801039076,0.02275531042189498,0.2653480741864692,-0.08654527753640448,0.19713577613111588,0.1990056397225218,0.31856991603847,-0.0038531072841039176,-0.08048855139195382,-0.08909047271407904,-0.22562539581085303,-0.20530209938371413,0.012714725391150487,-0.24731204748913324,0.007457600098597277,-0.08081634380137233,1.0,-0.0022466538321704948,0.2658795489258614,0.0016360453549846136,-0.03199298063681742,-0.21050025902438887,0.148025145190628,0.12886630503915183,0.09580072192973485,0.26454083867267236,-0.2593875634371229,0.1461582312950497,-0.08786327576927068,1.0,0.09964137770055788,0.14656978688666736,-0.2507938281249371,0.2735535395603097,-0.20904204139269913,-0.006409969785616,-0.32234226866555477,0.006005592092933845,0.28367313313326475,-0.06839705138185888,0.23818837987068966,-0.25513023477989943,1.0,-0.2583478326700764,0.14937734555482454,0.006550317188692052,-0.008666057782407723,0.26450767586537116,0.008289419692365874,-0.03285260997118655,0.2770293252017397,-0.3286442536126007,-0.02465846409661693,-0.20094577800849106,0.0956377110652015,0.0970061115501386,-0.25051457440055447,-0.08275115919682743
feature_15,-0.30022410288404716,-0.0005681150383650709,-0.0059154557049934135,-0.3482754291580235,0.027063604117580853,-0.29923246678329357,-0.22639211818117094,0.001619370024132728,-0.012096378925329011,-0.008811978111547688,0.0012108031486617377,-0.004543727413721384,0.003488938403150254,0.3307207717702219,1.0,0.01050248573017125,-0.23425822430905152,-0.22327363625511287,0.004345110891857213,-0.23379935732637247,-0.04140030540299474,-0.004055556937370205,-0.0038598659036024026,-0.0051103562549642415,-0.006142817544324854,-0.03941868364694194,1.0,-0.008561843432562385,-0.34897749235674197,-0.018681317654088207,-0.25720343630945,-0.2592887831664864,-0.000767269282388609,-0.0050159835416916515,-0.020711814279303166,0.10519781195640675,-0.00417192512483093,0.014013597846501592,1.0,-0.014947943324453972,-0.0007664261173419175,0.005412872604416288,-0.018314234496588915,0.028646767128157148,-0.004064382965007829,-0.03814456879105111,-0.004183679054820537,-0.00351291129014383,0.015610818367553608,0.022027887623186086,0.0032539352875893264,-0.03741604291672209,-0.22366512934824567,0.022189030393211896,0.006082676952479601,-0.0034391211818918196,0.00987855199517138,-0.0006643986113772328,0.33366286086945135,-0.010069530496799395,-0.004041626854314891,-0.017677394866515584,0.008963954964754339,0.006332989462705789,0.31411697898658675,0.011030198908217817,-0.007730408660399875,-0.005140983624795279,0.010328592133079476,0.31156361080612643,-0.03633340627847333,0.3329265680006514,0.009122695974958963,0.314956529292883,-0.0010756245886769066,0.009588632179030018,0.008158636744136416,-0.009772758154693853,-0.01407352396578569,-0.029427463514239298,0.02336594314508043,-0.3006581406481164,0.10367081306870492,0.017968134984264424,0.3288393871426005,0.012659194575696196,0.312001882963168,-0.010111541902399877,-0.019370891725003846,-0.006966379680621006,-0.0051765801036890114,0.008896117646848547,0.01052356683050368,-0.019858611050143478,-0.0008405873322000146,0.02709916053597468,-0.0036229405769101276,-0.005958808615060536,-0.001093632692230905,-0.3456994436239367
feature_16,-0.25013547389054236,0.00836020906500526,0.018721513146004346,0.0011848728490064262,0.05842834538626026,-0.24937951746961512,-0.2806110796028273,0.01410806320742,-0.011611912520889929,0.037434384467986886,-0.011002330269335295,-0.026300116339238466,0.000304029526425952,-0.030698694375998207,0.01050248573017125,1.0,-0.32995523200829524,-0.28254245588327875,-0.008031141293988514,-0.3315271299227673,-0.058716143046653936,-0.014416399216799597,-0.023502793807892667,0.009728441352331611,-0.004527453617200053,0.011501812391278628,0.007766789252858309,-0.006686603722135883,0.0030946373115864783,0.008271578454909336,-0.1761660834713445,-0.17238291765943323,0.008013506006194202,-0.008527282247634882,0.0007140441828022968,0.299290867117188,-0.023378336427623263,-0.017981660371551182,0.010706693449095868,-0.003944125245460923,0.03503531233430393,-0.005094806182123373,0.008536873879616992,-0.005049650651057436,-0.013263945622018422,0.012263430538253827,0.0340022130330264,0.03072486909642964,0.0064561317286313535,-0.002511112553961757,-0.00905278730374231,0.01026720888181292,-0.28095958190398934,0.24531213751317077,-0.0005667821110168437,-0.02469130729706502,0.001760616031500886,-0.0067972010871183985,-0.025027441562020945,-0.020897138118811002,-0.014291423825788612,0.018470396975150554,1.0,0.011699503559913529,-0.1544886650257415,-0.037102203075481635,0.03764057980962369,-0.011750292414987693,-0.017648245202104562,-0.1572891939169222,0.01071169872020688,-0.0304443966067011,-0.006412456907838809,-0.15763229951797766,0.00879801851068181,0.020540363105867383,0.011613785988506306,0.0033129377613635314,0.007050318898313916,-0.0024558133798248155,0.059772408601084716,-0.24760529673996076,0.29839117497469875,-0.0161188483822036,-0.0283537719801475,-0.017911883482436313,-0.15602955165799534,0.007711471210580245,-2.663727169578171e-05,-0.013736082605448669,0.012221251532564556,1.0,0.02027270976668501,0.006631417427824994,0.0024106145817770056,0.24328851481472652,0.03775633407942306,0.039932409281253516,0.006601205488131113,-0.0011100002035453781
feature_17,0.1641862623059545,0.11356415882997468,0.045279579978793456,0.2238826294791572,0.02998949262538299,0.16442219984296202,-0.021833326411864713,-0.24424550428244773,0.024326086350318587,-0.24929032099097248,-0.2983353821858059,0.05408284167769457,-0.018748065552440928,-0.1642182253348818,-0.23425822430905152,-0.32995523200829524,1.0,-0.021715204776876558,0.27592119572994867,1.0,0.04620966176417216,-0.005372000503772014,0.05553827087560068,0.005683346704118914,0.3297098020667981,0.14268510550637464,-0.23670019145057844,0.33043452686325886,0.22313042017463233,-0.024710210134105952,0.4914039368851962,0.48911470507722243,0.11342401863195173,0.010656417560624328,0.005042164616959654,0.08970440136135882,0.05577025638559254,0.33318200765331146,-0.23867412587750952,0.007801385012587803,0.27102329146454385,0.0041767999064927525,-0.02415588714948795,-0.014500297336180195,-0.25753801579911045,0.14352114578305733,0.267109744192276,0.27178839401663146,-0.06284353563547818,0.003521325615453328,-0.3008519418750624,0.13880676851444632,-0.02316687682615701,-0.15748757139607888,-0.011422542651045274,0.05486464590487921,-0.006548958347440001,-0.2997506638269241,-0.1671866903969417,0.006348857651237771,-0.25548528951074395,0.011367136800856258,-0.3297568360282258,0.0434813398747371,-0.11655832501201595,-0.31633678784535113,-0.25168912905827107,-0.2531936950546976,0.3350247157294772,-0.11422497087747306,0.14243547746652582,-0.16251582422067606,0.274288874552781,-0.11633593206050777,0.11697104777779153,0.17746561044876483,0.045690492374580616,-0.005645854601894057,-0.025131933256671207,-0.010107830401008804,0.033429887275716066,0.1630489324905639,0.08754700206191837,0.33303915513470567,-0.16249035101015838,0.33425326183131016,-0.11754819577402448,-0.017976087093388125,-0.00059737120040285,-0.25442505296479045,0.007287221523823853,-0.3318554246309709,0.17664600002117192,-0.024389091943065464,0.0029921170710230857,-0.1574531293551393,-0.2489186620779937,-0.25220448540051177,0.1130094121169471,0.22245760717569746
feature_18,0.04474953457079824,0.3077157769471201,-0.3587113748840511,0.007417004339684139,0.14540127372205275,0.0437552712089859,1.0,-0.17333126124441,0.011771312007592889,0.31862216425638745,0.07471252412021084,-0.0026842872564680873,-0.0006364696603890149,-0.22244798499796162,-0.22327363625511287,-0.28254245588327875,-0.021715204776876558,1.0,-0.2642613027749281,-0.023597257716379407,0.01095557469200927,0.016375515090641234,-0.005948899981895704,-0.0026716151237783587,0.12056592526770472,-0.2259339249082134,-0.22064274335206918,0.11991632250020372,0.004593588669955387,-0.18579136326134124,0.18561735948800484,0.18833549134823704,0.30545146096341097,-0.014422606352651685,0.0126605417464442,-0.29003171522707816,-0.008285140106983014,-0.2354125775290428,-0.2234342887716837,0.004277228239446084,-0.3560755856146045,0.005851571478664588,-0.18149034397425473,-0.0054948741602481995,-0.12447793764130585,-0.22307730422973887,-0.35275859679667737,-0.3549573301999136,-0.18651017816374332,-0.0023714166963853373,0.07667735702937671,-0.22295091683470802,1.0,-0.22852122783346454,0.0037674204621649106,-0.004921022739959563,-0.020032998033840784,0.0722018224386458,-0.22344899189498033,0.029627626670450557,-0.1254475873625662,-0.013658396728303575,-0.2797392216981746,0.1507186229342141,0.10737985736059706,-0.16936999329301983,0.3206005179917104,-0.12634602836755332,-0.23237352232692593,0.10655047650060259,-0.22442679894387876,-0.22094231735177502,-0.26454347595055827,0.10783313730043798,0.305868156825573,-0.2183323580920133,0.14786601799306615,0.006507970261065684,-0.18433890016458046,0.018323556877788586,0.14836765151992845,0.044224845510621974,-0.28761966885773504,-0.23856409383019758,-0.22211429591234166,-0.2394151238898121,0.10760741598618988,0.002317466856238549,0.010938274257252632,-0.1245331665812088,0.0008388104663703031,-0.27760578122856144,-0.21830412693389248,-0.18147742730309005,-0.008832843349057646,-0.22741284220678615,0.3181219110378982,0.31782607433858523,0.30760821038272124,0.006545734323479655
